date,total_cases,new_cases,new_cases_smoothed,total_deaths,new_deaths,new_deaths_smoothed,total_cases_per_million,new_cases_per_million,new_cases_smoothed_per_million,total_deaths_per_million,new_deaths_per_million,new_deaths_smoothed_per_million
2021-04-01,12839844,91097,74239.286,325284,3769,3117.429,60405.908,428.572,349.264,1530.32,17.732,14.666
2021-04-02,12910082,70238,72238.286,328206,2922,3013.429,60736.347,330.439,339.85,1544.067,13.747,14.177
2021-04-03,12953597,43515,66176.429,330193,1987,2806.143,60941.066,204.719,311.331,1553.415,9.348,13.202
2021-04-04,12984956,31359,64324,331433,1240,2746.714,61088.597,147.531,302.617,1559.249,5.834,12.922
2021-04-05,13013601,28645,62855.143,332752,1319,2698,61223.359,134.762,295.706,1565.454,6.205,12.693
2021-04-06,13100580,86979,63210.143,336947,4195,2757.286,61632.558,409.199,297.376,1585.19,19.736,12.972
2021-04-07,13193205,92625,63494,340776,3829,2751.571,62068.318,435.761,298.712,1603.204,18.014,12.945
2021-04-08,13279857,86652,62859,345025,4249,2820.143,62475.978,407.66,295.724,1623.193,19.99,13.268
2021-04-09,13373174,93317,66156,348718,3693,2930.286,62914.994,439.016,311.235,1640.567,17.374,13.786
2021-04-10,13445006,71832,70201.286,351334,2616,3020.143,63252.933,337.938,330.267,1652.874,12.307,14.208
2021-04-11,13482023,37017,71009.571,353137,1803,3100.571,63427.082,174.149,334.069,1661.357,8.482,14.587
2021-04-12,13517808,35785,72029.571,354617,1480,3123.571,63595.435,168.353,338.868,1668.319,6.963,14.695
2021-04-13,13599994,82186,71344.857,358425,3808,3068.286,63982.084,386.65,335.647,1686.234,17.915,14.435
2021-04-14,13673507,73513,68614.571,361884,3459,3015.429,64327.931,345.847,322.802,1702.508,16.273,14.186
2021-04-15,13746681,73174,66689.143,365444,3560,2917,64672.183,344.252,313.744,1719.256,16.748,13.723
2021-04-16,13832455,85774,65611.571,368749,3305,2861.571,65075.713,403.53,308.674,1734.804,15.549,13.462
2021-04-17,13900091,67636,65012.143,371678,2929,2906.286,65393.911,318.198,305.854,1748.584,13.78,13.673
2021-04-18,13943071,42980,65864,373335,1657,2885.429,65596.113,202.202,309.862,1756.38,7.795,13.575
2021-04-19,13973695,30624,65126.714,374682,1347,2866.429,65740.186,144.073,306.393,1762.717,6.337,13.485
2021-04-20,14043076,69381,63297.429,378003,3321,2796.857,66066.593,326.408,297.787,1778.34,15.624,13.158
2021-04-21,14122795,79719,64184,381475,3472,2798.714,66441.637,375.043,301.958,1794.675,16.334,13.167
2021-04-22,14167973,45178,60184.571,383502,2027,2579.714,66654.179,212.543,283.142,1804.211,9.536,12.136
2021-04-23,14237078,69105,57803.286,386416,2914,2523.857,66979.289,325.109,271.939,1817.92,13.709,11.874
2021-04-24,14308215,71137,58303.429,389492,3076,2544.857,67313.957,334.669,274.292,1832.391,14.471,11.972
2021-04-25,14340787,32572,56816.571,390797,1305,2494.571,67467.195,153.237,267.297,1838.531,6.139,11.736
2021-04-26,14369423,28636,56532.571,391936,1139,2464.857,67601.915,134.72,265.961,1843.889,5.359,11.596
2021-04-27,14441563,72140,56926.714,395022,3086,2431.286,67941.302,339.387,267.816,1858.408,14.518,11.438
2021-04-28,14521289,79726,56927.714,398185,3163,2387.143,68316.378,375.076,267.82,1873.288,14.881,11.23
2021-04-29,14590678,69389,60386.429,401186,3001,2526.286,68642.824,326.445,284.092,1887.406,14.118,11.885
2021-04-30,14659011,68333,60276.143,403781,2595,2480.714,68964.301,321.477,283.573,1899.615,12.208,11.671
2021-05-01,14725975,66964,59680,406437,2656,2420.714,69279.337,315.037,280.769,1912.11,12.495,11.388
2021-05-02,14754910,28935,59160.429,407639,1202,2406,69415.464,136.127,278.324,1917.765,5.655,11.319
2021-05-03,14779529,24619,58586.571,408622,983,2383.714,69531.286,115.822,275.624,1922.39,4.625,11.214
2021-05-04,14856888,77359,59332.143,411588,2966,2366.571,69895.226,363.941,279.132,1936.343,13.954,11.134
2021-05-05,14930183,73295,58413.429,414399,2811,2316.286,70240.048,344.821,274.81,1949.568,13.225,10.897
2021-05-06,15003563,73380,58983.571,416949,2550,2251.857,70585.269,345.221,277.492,1961.565,11.997,10.594
2021-05-07,15082449,78886,60491.143,419114,2165,2190.429,70956.393,371.124,284.585,1971.75,10.185,10.305
2021-05-08,15145879,63430,59986.286,421316,2202,2125.571,71254.804,298.411,282.21,1982.109,10.359,10
2021-05-09,15184790,38911,61411.429,422340,1024,2100.143,71437.863,183.059,288.914,1986.927,4.817,9.88
2021-05-10,15209990,25200,61494.429,423229,889,2086.714,71556.418,118.555,289.305,1991.109,4.182,9.817
2021-05-11,15282705,72715,60831,425540,2311,1993.143,71898.511,342.093,286.184,2001.981,10.872,9.377
2021-05-12,15359397,76692,61316.286,428034,2494,1947.857,72259.314,360.803,288.467,2013.715,11.733,9.164
2021-05-13,15433989,74592,61489.429,430417,2383,1924,72610.237,350.923,289.281,2024.926,11.211,9.052
2021-05-14,15519525,85536,62439.429,432628,2211,1930.571,73012.647,402.41,293.75,2035.327,10.402,9.083
2021-05-15,15586534,67009,62950.714,434715,2087,1914.143,73327.895,315.248,296.156,2045.146,9.818,9.005
2021-05-16,15627243,40709,63207.571,435751,1036,1915.857,73519.413,191.518,297.364,2050.02,4.874,9.013
2021-05-17,15657391,30148,63914.429,436537,786,1901.143,73661.246,141.833,300.69,2053.718,3.698,8.944
2021-05-18,15732836,75445,64304.429,439050,2513,1930,74016.182,354.936,302.524,2065.54,11.823,9.08
2021-05-19,15812055,79219,64665.429,441691,2641,1951,74388.874,372.691,304.223,2077.965,12.425,9.179
2021-05-20,15894094,82039,65729.286,444094,2403,1953.857,74774.832,385.958,309.228,2089.27,11.305,9.192
2021-05-21,15970949,76855,64489.143,446309,2215,1954.429,75136.401,361.57,303.393,2099.691,10.421,9.195
